{
 "cells": [
  {
   "cell_type": "markdown",
   "id": "funny-classic",
   "metadata": {},
   "source": [
    "# Seminar 2:  Dynamic Programming\n",
    "\n",
    "## Iterative policy evaluation\n",
    "### Gridworld problem \n",
    "The problem is described in the lecture and in **Example 4.1** in Sutton & Barto. \n",
    "\n",
    "![alt text](./graphs/girdworld.png)\n",
    "\n",
    "- This is a undiscounted episodic task\n",
    "- Action set for state s: A(s) = {up, down, left, right}\n",
    "- Actions that would take the agent off the grid leave the state unchanged\n",
    "- Reward of value -1 for each transition\n",
    "\n",
    "**Iterative update rule:** Iterative update for the value function whose limit is the solution of the Bellman equation for the value function under a given policy $\\pi$ is given by\n",
    "\n",
    "$$\n",
    "\\begin{align*}V_{k+1}(s)&=\\mathbb{E}_{\\pi}[r_{t+1}+\\gamma{V_k(s_{t+1})|s_t=s]}\\\\&=\\sum_a\\pi(s,a)\\sum_{s'}P_{s,s'}^a[R_{s,s'}^a+\\gamma{V_k(s')}]\\end{align*}\n",
    "$$\n",
    "for $s \\in S$."
   ]
  },
  {
   "cell_type": "markdown",
   "id": "frank-recommendation",
   "metadata": {},
   "source": [
    "### Iterative policy evaluation\n",
    "Assume that the initial policy is uniform, we then implement the iterative policy evaluation algorithm using this \"look-up table\": \n",
    "\n",
    "<img src=\"./graphs/algo_iterative_policy.png\" width=\"750\" height=\"550\"/>\n"
   ]
  },
  {
   "cell_type": "markdown",
   "id": "alpha-chorus",
   "metadata": {},
   "source": [
    "As we know, algorithms that fall into the category of Dynamic Programming assume that the agent has a prefect knowledge of the environment, i.e., the transition probabilities and expected rewards are known. In order to compute the state values, we first need to learn the environment.\n",
    "\n",
    "\n",
    "### The environment\n",
    "First, enumerate the actions and define the number of states, actions, rows and columns."
   ]
  },
  {
   "cell_type": "code",
   "execution_count": 1,
   "id": "alone-military",
   "metadata": {},
   "outputs": [],
   "source": [
    "import numpy as np\n",
    "import matplotlib.pyplot as plt\n",
    "\n",
    "up = 0\n",
    "right = 1\n",
    "left = 2\n",
    "down = 3\n",
    "\n",
    "n_states = 16\n",
    "n_actions = 4\n",
    "max_row = 4\n",
    "max_col = 4"
   ]
  },
  {
   "cell_type": "markdown",
   "id": "metropolitan-geometry",
   "metadata": {},
   "source": [
    "The following code is one of the ways to build the GridWorld environment. The output corresponds to the transition matrix. For more information about `nditer`, please refer to https://numpy.org/doc/stable/reference/arrays.nditer.html#arrays-nditer. \n"
   ]
  },
  {
   "cell_type": "code",
   "execution_count": 2,
   "id": "popular-situation",
   "metadata": {},
   "outputs": [],
   "source": [
    "def grid_world():\n",
    "    p = {}\n",
    "    grid = np.arange(n_states).reshape([max_row, max_col])\n",
    "    it = np.nditer(grid, flags=['multi_index'])\n",
    "\n",
    "    with it:\n",
    "        while not it.finished:\n",
    "            s = it.iterindex\n",
    "            row, col = it.multi_index\n",
    "\n",
    "            p[s] = {a: [] for a in range(n_actions)}\n",
    "\n",
    "            is_done = lambda x: x == 0 or x == (n_states - 1)\n",
    "            reward = 0.0 if is_done(s) else -1.0\n",
    "\n",
    "            if is_done(s):\n",
    "                # 3 variables: next state, reward, done\n",
    "                p[s][up] = [(s, reward, True)]\n",
    "                p[s][right] = [(s, reward, True)]\n",
    "                p[s][left] = [(s, reward, True)]\n",
    "                p[s][down] = [(s, reward, True)]\n",
    "\n",
    "            else:\n",
    "                s_up = s if row == 0 else s - max_row\n",
    "                s_right = s if col == (max_col - 1) else s + 1\n",
    "                s_left = s if col == 0 else s - 1\n",
    "                s_down = s if row == (max_row - 1) else s + max_row\n",
    "\n",
    "                p[s][up] = [(s_up, reward, is_done(s_up))]\n",
    "                p[s][right] = [(s_right, reward, is_done(s_right))]\n",
    "                p[s][left] = [(s_left, reward, is_done(s_left))]\n",
    "                p[s][down] = [(s_down, reward, is_done(s_down))]\n",
    "\n",
    "            it.iternext()\n",
    "    return p"
   ]
  },
  {
   "cell_type": "code",
   "execution_count": 3,
   "id": "e79dccd6",
   "metadata": {},
   "outputs": [
    {
     "name": "stdout",
     "output_type": "stream",
     "text": [
      "[[ 0  1  2  3]\n",
      " [ 4  5  6  7]\n",
      " [ 8  9 10 11]\n",
      " [12 13 14 15]]\n",
      "0 <(0, 0)>,1 <(0, 1)>,2 <(0, 2)>,3 <(0, 3)>,4 <(1, 0)>,5 <(1, 1)>,6 <(1, 2)>,7 <(1, 3)>,8 <(2, 0)>,9 <(2, 1)>,10 <(2, 2)>,11 <(2, 3)>,12 <(3, 0)>,13 <(3, 1)>,14 <(3, 2)>,15 <(3, 3)>,"
     ]
    }
   ],
   "source": [
    "grid = np.arange(n_states).reshape([max_row, max_col])\n",
    "print(grid) \n",
    "it = np.nditer(grid, flags=['multi_index'])\n",
    "for x in it:\n",
    "    print(\"%d <%s>\" % (x, it.multi_index), end=',')"
   ]
  },
  {
   "cell_type": "code",
   "execution_count": 4,
   "id": "a7816c83",
   "metadata": {},
   "outputs": [
    {
     "data": {
      "text/plain": [
       "{0: {0: [(0, 0.0, True)],\n",
       "  1: [(0, 0.0, True)],\n",
       "  2: [(0, 0.0, True)],\n",
       "  3: [(0, 0.0, True)]},\n",
       " 1: {0: [(1, -1.0, False)],\n",
       "  1: [(2, -1.0, False)],\n",
       "  2: [(0, -1.0, True)],\n",
       "  3: [(5, -1.0, False)]},\n",
       " 2: {0: [(2, -1.0, False)],\n",
       "  1: [(3, -1.0, False)],\n",
       "  2: [(1, -1.0, False)],\n",
       "  3: [(6, -1.0, False)]},\n",
       " 3: {0: [(3, -1.0, False)],\n",
       "  1: [(3, -1.0, False)],\n",
       "  2: [(2, -1.0, False)],\n",
       "  3: [(7, -1.0, False)]},\n",
       " 4: {0: [(0, -1.0, True)],\n",
       "  1: [(5, -1.0, False)],\n",
       "  2: [(4, -1.0, False)],\n",
       "  3: [(8, -1.0, False)]},\n",
       " 5: {0: [(1, -1.0, False)],\n",
       "  1: [(6, -1.0, False)],\n",
       "  2: [(4, -1.0, False)],\n",
       "  3: [(9, -1.0, False)]},\n",
       " 6: {0: [(2, -1.0, False)],\n",
       "  1: [(7, -1.0, False)],\n",
       "  2: [(5, -1.0, False)],\n",
       "  3: [(10, -1.0, False)]},\n",
       " 7: {0: [(3, -1.0, False)],\n",
       "  1: [(7, -1.0, False)],\n",
       "  2: [(6, -1.0, False)],\n",
       "  3: [(11, -1.0, False)]},\n",
       " 8: {0: [(4, -1.0, False)],\n",
       "  1: [(9, -1.0, False)],\n",
       "  2: [(8, -1.0, False)],\n",
       "  3: [(12, -1.0, False)]},\n",
       " 9: {0: [(5, -1.0, False)],\n",
       "  1: [(10, -1.0, False)],\n",
       "  2: [(8, -1.0, False)],\n",
       "  3: [(13, -1.0, False)]},\n",
       " 10: {0: [(6, -1.0, False)],\n",
       "  1: [(11, -1.0, False)],\n",
       "  2: [(9, -1.0, False)],\n",
       "  3: [(14, -1.0, False)]},\n",
       " 11: {0: [(7, -1.0, False)],\n",
       "  1: [(11, -1.0, False)],\n",
       "  2: [(10, -1.0, False)],\n",
       "  3: [(15, -1.0, True)]},\n",
       " 12: {0: [(8, -1.0, False)],\n",
       "  1: [(13, -1.0, False)],\n",
       "  2: [(12, -1.0, False)],\n",
       "  3: [(12, -1.0, False)]},\n",
       " 13: {0: [(9, -1.0, False)],\n",
       "  1: [(14, -1.0, False)],\n",
       "  2: [(12, -1.0, False)],\n",
       "  3: [(13, -1.0, False)]},\n",
       " 14: {0: [(10, -1.0, False)],\n",
       "  1: [(15, -1.0, True)],\n",
       "  2: [(13, -1.0, False)],\n",
       "  3: [(14, -1.0, False)]},\n",
       " 15: {0: [(15, 0.0, True)],\n",
       "  1: [(15, 0.0, True)],\n",
       "  2: [(15, 0.0, True)],\n",
       "  3: [(15, 0.0, True)]}}"
      ]
     },
     "execution_count": 4,
     "metadata": {},
     "output_type": "execute_result"
    }
   ],
   "source": [
    "grid_world()"
   ]
  },
  {
   "cell_type": "markdown",
   "id": "occupied-homework",
   "metadata": {},
   "source": [
    "In the end, the transition matrix is returned after the function is called. The transition matrix is essentially a look-up table:"
   ]
  },
  {
   "cell_type": "code",
   "execution_count": 5,
   "id": "obvious-powder",
   "metadata": {},
   "outputs": [
    {
     "name": "stdout",
     "output_type": "stream",
     "text": [
      "After 10 iteration(s):\n",
      " [[ 0.         -6.13796997 -8.35235596 -8.96731567]\n",
      " [-6.13796997 -7.73739624 -8.42782593 -8.35235596]\n",
      " [-8.35235596 -8.42782593 -7.73739624 -6.13796997]\n",
      " [-8.96731567 -8.35235596 -6.13796997  0.        ]]\n",
      "After 20 iteration(s):\n",
      " [[  0.          -9.44937571 -13.25681948 -14.45398174]\n",
      " [ -9.44937571 -12.05965722 -13.30189537 -13.25681948]\n",
      " [-13.25681948 -13.30189537 -12.05965722  -9.44937571]\n",
      " [-14.45398174 -13.25681948  -9.44937571   0.        ]]\n",
      "After 30 iteration(s):\n",
      " [[  0.         -11.36566859 -16.0963957  -17.6316357 ]\n",
      " [-11.36566859 -14.5611557  -16.12250751 -16.0963957 ]\n",
      " [-16.0963957  -16.12250751 -14.5611557  -11.36566859]\n",
      " [-17.6316357  -16.0963957  -11.36566859   0.        ]]\n",
      "After 40 iteration(s):\n",
      " [[  0.         -12.47499659 -17.74021958 -19.47117206]\n",
      " [-12.47499659 -16.0092671  -17.75533597 -17.74021958]\n",
      " [-17.74021958 -17.75533597 -16.0092671  -12.47499659]\n",
      " [-19.47117206 -17.74021958 -12.47499659   0.        ]]\n",
      "After 50 iteration(s):\n",
      " [[  0.         -13.11718187 -18.6918225  -20.53607201]\n",
      " [-13.11718187 -16.84757299 -18.70057333 -18.6918225 ]\n",
      " [-18.6918225  -18.70057333 -16.84757299 -13.11718187]\n",
      " [-20.53607201 -18.6918225  -13.11718187   0.        ]]\n",
      "After 60 iteration(s):\n",
      " [[  0.         -13.48894025 -19.24270148 -21.15253817]\n",
      " [-13.48894025 -17.33286479 -19.2477673  -19.24270148]\n",
      " [-19.24270148 -19.2477673  -17.33286479 -13.48894025]\n",
      " [-21.15253817 -19.24270148 -13.48894025   0.        ]]\n",
      "After 70 iteration(s):\n",
      " [[  0.         -13.70414963 -19.56160303 -21.50940787]\n",
      " [-13.70414963 -17.6137982  -19.56453561 -19.56160303]\n",
      " [-19.56160303 -19.56453561 -17.6137982  -13.70414963]\n",
      " [-21.50940787 -19.56160303 -13.70414963   0.        ]]\n",
      "After 80 iteration(s):\n",
      " [[  0.         -13.82873345 -19.74621382 -21.71599825]\n",
      " [-13.82873345 -17.77642938 -19.74791148 -19.74621382]\n",
      " [-19.74621382 -19.74791148 -17.77642938 -13.82873345]\n",
      " [-21.71599825 -19.74621382 -13.82873345   0.        ]]\n",
      "After 90 iteration(s):\n",
      " [[  0.         -13.90085451 -19.85308423 -21.83559257]\n",
      " [-13.90085451 -17.8705759  -19.854067   -19.85308423]\n",
      " [-19.85308423 -19.854067   -17.8705759  -13.90085451]\n",
      " [-21.83559257 -19.85308423 -13.90085451   0.        ]]\n",
      "After 100 iteration(s):\n",
      " [[  0.         -13.94260509 -19.91495107 -21.90482522]\n",
      " [-13.94260509 -17.92507693 -19.91551999 -19.91495107]\n",
      " [-19.91495107 -19.91551999 -17.92507693 -13.94260509]\n",
      " [-21.90482522 -19.91495107 -13.94260509   0.        ]]\n",
      "After 110 iteration(s):\n",
      " [[  0.         -13.96677432 -19.95076553 -21.94490372]\n",
      " [-13.96677432 -17.95662734 -19.95109487 -19.95076553]\n",
      " [-19.95076553 -19.95109487 -17.95662734 -13.96677432]\n",
      " [-21.94490372 -19.95076553 -13.96677432   0.        ]]\n",
      "After 120 iteration(s):\n",
      " [[  0.         -13.98076579 -19.97149837 -21.96810499]\n",
      " [-13.98076579 -17.97489175 -19.97168903 -19.97149837]\n",
      " [-19.97149837 -19.97168903 -17.97489175 -13.98076579]\n",
      " [-21.96810499 -19.97149837 -13.98076579   0.        ]]\n",
      "After 130 iteration(s):\n",
      " [[  0.         -13.9888654  -19.98350052 -21.98153611]\n",
      " [-13.9888654  -17.98546494 -19.98361089 -19.98350052]\n",
      " [-19.98350052 -19.98361089 -17.98546494 -13.9888654 ]\n",
      " [-21.98153611 -19.98350052 -13.9888654    0.        ]]\n",
      "After 140 iteration(s):\n",
      " [[  0.         -13.99355423 -19.99044852 -21.98931133]\n",
      " [-13.99355423 -17.99158571 -19.99051242 -19.99044852]\n",
      " [-19.99044852 -19.99051242 -17.99158571 -13.99355423]\n",
      " [-21.98931133 -19.99044852 -13.99355423   0.        ]]\n",
      "After 150 iteration(s):\n",
      " [[  0.         -13.99626857 -19.99447069 -21.99381237]\n",
      " [-13.99626857 -17.995129   -19.99450768 -19.99447069]\n",
      " [-19.99447069 -19.99450768 -17.995129   -13.99626857]\n",
      " [-21.99381237 -19.99447069 -13.99626857   0.        ]]\n",
      "After 160 iteration(s):\n",
      " [[  0.         -13.99783989 -19.9967991  -21.99641801]\n",
      " [-13.99783989 -17.9971802  -19.99682052 -19.9967991 ]\n",
      " [-19.9967991  -19.99682052 -17.9971802  -13.99783989]\n",
      " [-21.99641801 -19.9967991  -13.99783989   0.        ]]\n",
      "After 170 iteration(s):\n",
      " [[  0.         -13.99874952 -19.99814702 -21.9979264 ]\n",
      " [-13.99874952 -17.99836763 -19.99815941 -19.99814702]\n",
      " [-19.99814702 -19.99815941 -17.99836763 -13.99874952]\n",
      " [-21.9979264  -19.99814702 -13.99874952   0.        ]]\n",
      "After 180 iteration(s):\n",
      " [[  0.         -13.9992761  -19.99892731 -21.9987996 ]\n",
      " [-13.9992761  -17.99905503 -19.99893449 -19.99892731]\n",
      " [-19.99892731 -19.99893449 -17.99905503 -13.9992761 ]\n",
      " [-21.9987996  -19.99892731 -13.9992761    0.        ]]\n",
      "After 190 iteration(s):\n",
      " [[  0.         -13.99958094 -19.99937903 -21.99930509]\n",
      " [-13.99958094 -17.99945296 -19.99938318 -19.99937903]\n",
      " [-19.99937903 -19.99938318 -17.99945296 -13.99958094]\n",
      " [-21.99930509 -19.99937903 -13.99958094   0.        ]]\n",
      "After 200 iteration(s):\n",
      " [[  0.         -13.99975741 -19.99964052 -21.99959772]\n",
      " [-13.99975741 -17.99968332 -19.99964293 -19.99964052]\n",
      " [-19.99964052 -19.99964293 -17.99968332 -13.99975741]\n",
      " [-21.99959772 -19.99964052 -13.99975741   0.        ]]\n",
      "After 210 iteration(s):\n",
      " [[  0.         -13.99985956 -19.9997919  -21.99976712]\n",
      " [-13.99985956 -17.99981668 -19.99979329 -19.9997919 ]\n",
      " [-19.9997919  -19.99979329 -17.99981668 -13.99985956]\n",
      " [-21.99976712 -19.9997919  -13.99985956   0.        ]]\n",
      "After 220 iteration(s):\n",
      " [[  0.         -13.9999187  -19.99987953 -21.99986519]\n",
      " [-13.9999187  -17.99989387 -19.99988034 -19.99987953]\n",
      " [-19.99987953 -19.99988034 -17.99989387 -13.9999187 ]\n",
      " [-21.99986519 -19.99987953 -13.9999187    0.        ]]\n",
      "After 230 iteration(s):\n",
      " [[  0.         -13.99995294 -19.99993026 -21.99992196]\n",
      " [-13.99995294 -17.99993856 -19.99993073 -19.99993026]\n",
      " [-19.99993026 -19.99993073 -17.99993856 -13.99995294]\n",
      " [-21.99992196 -19.99993026 -13.99995294   0.        ]]\n",
      "After 240 iteration(s):\n",
      " [[  0.         -13.99997276 -19.99995963 -21.99995482]\n",
      " [-13.99997276 -17.99996444 -19.9999599  -19.99995963]\n",
      " [-19.99995963 -19.9999599  -17.99996444 -13.99997276]\n",
      " [-21.99995482 -19.99995963 -13.99997276   0.        ]]\n",
      "After 250 iteration(s):\n",
      " [[  0.         -13.99998423 -19.99997663 -21.99997385]\n",
      " [-13.99998423 -17.99997941 -19.99997679 -19.99997663]\n",
      " [-19.99997663 -19.99997679 -17.99997941 -13.99998423]\n",
      " [-21.99997385 -19.99997663 -13.99998423   0.        ]]\n",
      "After 260 iteration(s):\n",
      " [[  0.         -13.99999087 -19.99998647 -21.99998486]\n",
      " [-13.99999087 -17.99998808 -19.99998656 -19.99998647]\n",
      " [-19.99998647 -19.99998656 -17.99998808 -13.99999087]\n",
      " [-21.99998486 -19.99998647 -13.99999087   0.        ]]\n",
      "After 270 iteration(s):\n",
      " [[  0.         -13.99999471 -19.99999217 -21.99999124]\n",
      " [-13.99999471 -17.9999931  -19.99999222 -19.99999217]\n",
      " [-19.99999217 -19.99999222 -17.9999931  -13.99999471]\n",
      " [-21.99999124 -19.99999217 -13.99999471   0.        ]]\n",
      "After 280 iteration(s):\n",
      " [[  0.         -13.99999694 -19.99999547 -21.99999493]\n",
      " [-13.99999694 -17.99999601 -19.9999955  -19.99999547]\n",
      " [-19.99999547 -19.9999955  -17.99999601 -13.99999694]\n",
      " [-21.99999493 -19.99999547 -13.99999694   0.        ]]\n",
      "After 290 iteration(s):\n",
      " [[  0.         -13.99999823 -19.99999738 -21.99999706]\n",
      " [-13.99999823 -17.99999769 -19.99999739 -19.99999738]\n",
      " [-19.99999738 -19.99999739 -17.99999769 -13.99999823]\n",
      " [-21.99999706 -19.99999738 -13.99999823   0.        ]]\n",
      "After 300 iteration(s):\n",
      " [[  0.         -13.99999897 -19.99999848 -21.9999983 ]\n",
      " [-13.99999897 -17.99999866 -19.99999849 -19.99999848]\n",
      " [-19.99999848 -19.99999849 -17.99999866 -13.99999897]\n",
      " [-21.9999983  -19.99999848 -13.99999897   0.        ]]\n",
      "After 310 iteration(s):\n",
      " [[  0.         -13.99999941 -19.99999912 -21.99999902]\n",
      " [-13.99999941 -17.99999923 -19.99999913 -19.99999912]\n",
      " [-19.99999912 -19.99999913 -17.99999923 -13.99999941]\n",
      " [-21.99999902 -19.99999912 -13.99999941   0.        ]]\n",
      "After 320 iteration(s):\n",
      " [[  0.         -13.99999966 -19.99999949 -21.99999943]\n",
      " [-13.99999966 -17.99999955 -19.99999949 -19.99999949]\n",
      " [-19.99999949 -19.99999949 -17.99999955 -13.99999966]\n",
      " [-21.99999943 -19.99999949 -13.99999966   0.        ]]\n",
      "After 330 iteration(s):\n",
      " [[  0.         -13.9999998  -19.99999971 -21.99999967]\n",
      " [-13.9999998  -17.99999974 -19.99999971 -19.99999971]\n",
      " [-19.99999971 -19.99999971 -17.99999974 -13.9999998 ]\n",
      " [-21.99999967 -19.99999971 -13.9999998    0.        ]]\n",
      "After 340 iteration(s):\n",
      " [[  0.         -13.99999988 -19.99999983 -21.99999981]\n",
      " [-13.99999988 -17.99999985 -19.99999983 -19.99999983]\n",
      " [-19.99999983 -19.99999983 -17.99999985 -13.99999988]\n",
      " [-21.99999981 -19.99999983 -13.99999988   0.        ]]\n",
      "After 350 iteration(s):\n",
      " [[  0.         -13.99999993 -19.9999999  -21.99999989]\n",
      " [-13.99999993 -17.99999991 -19.9999999  -19.9999999 ]\n",
      " [-19.9999999  -19.9999999  -17.99999991 -13.99999993]\n",
      " [-21.99999989 -19.9999999  -13.99999993   0.        ]]\n",
      "After 360 iteration(s):\n",
      " [[  0.         -13.99999996 -19.99999994 -21.99999994]\n",
      " [-13.99999996 -17.99999995 -19.99999994 -19.99999994]\n",
      " [-19.99999994 -19.99999994 -17.99999995 -13.99999996]\n",
      " [-21.99999994 -19.99999994 -13.99999996   0.        ]]\n",
      "After 370 iteration(s):\n",
      " [[  0.         -13.99999998 -19.99999997 -21.99999996]\n",
      " [-13.99999998 -17.99999997 -19.99999997 -19.99999997]\n",
      " [-19.99999997 -19.99999997 -17.99999997 -13.99999998]\n",
      " [-21.99999996 -19.99999997 -13.99999998   0.        ]]\n",
      "After 380 iteration(s):\n",
      " [[  0.         -13.99999999 -19.99999998 -21.99999998]\n",
      " [-13.99999999 -17.99999998 -19.99999998 -19.99999998]\n",
      " [-19.99999998 -19.99999998 -17.99999998 -13.99999999]\n",
      " [-21.99999998 -19.99999998 -13.99999999   0.        ]]\n",
      "After 390 iteration(s):\n",
      " [[  0.         -13.99999999 -19.99999999 -21.99999999]\n",
      " [-13.99999999 -17.99999999 -19.99999999 -19.99999999]\n",
      " [-19.99999999 -19.99999999 -17.99999999 -13.99999999]\n",
      " [-21.99999999 -19.99999999 -13.99999999   0.        ]]\n",
      "After 400 iteration(s):\n",
      " [[  0.         -14.         -19.99999999 -21.99999999]\n",
      " [-14.         -17.99999999 -19.99999999 -19.99999999]\n",
      " [-19.99999999 -19.99999999 -17.99999999 -14.        ]\n",
      " [-21.99999999 -19.99999999 -14.           0.        ]]\n",
      "After 410 iteration(s):\n",
      " [[  0. -14. -20. -22.]\n",
      " [-14. -18. -20. -20.]\n",
      " [-20. -20. -18. -14.]\n",
      " [-22. -20. -14.   0.]]\n",
      "After 420 iteration(s):\n",
      " [[  0. -14. -20. -22.]\n",
      " [-14. -18. -20. -20.]\n",
      " [-20. -20. -18. -14.]\n",
      " [-22. -20. -14.   0.]]\n"
     ]
    }
   ],
   "source": [
    "# Initial state values - 0s\n",
    "state_values = np.zeros(16)\n",
    "# Assume a uniform policy\n",
    "pi_a = 0.25\n",
    "lam = 1.0\n",
    "theta = 1e-10\n",
    "iteration_counter = 1\n",
    "\n",
    "transition_probs = grid_world()\n",
    "\n",
    "while True:\n",
    "    v_old = np.copy(state_values)\n",
    "    delta = 0.0\n",
    "    for s in range(n_states):\n",
    "        v_s = 0.0\n",
    "\n",
    "        for a in range(n_actions):\n",
    "            current_entry = transition_probs[s][a][0]\n",
    "            next_s = current_entry[0]\n",
    "            reward = current_entry[1]\n",
    "            v_s += pi_a * (reward + lam * v_old[next_s])\n",
    "\n",
    "        state_values[s] = v_s\n",
    "        delta = np.maximum(delta, np.abs(state_values[s] - v_old[s]))\n",
    "    if iteration_counter % 10 == 0:\n",
    "        print('After %s iteration(s):\\n' % iteration_counter, np.reshape(state_values, [max_row, max_col]))\n",
    "    iteration_counter += 1\n",
    "    if delta < theta:\n",
    "        break"
   ]
  },
  {
   "cell_type": "markdown",
   "id": "hired-deputy",
   "metadata": {},
   "source": [
    "## Value Iteration\n",
    "### Gambler's problem\n",
    "This problem is described in the lecture and in **Example 4.3** in Sutton & Barto. \n",
    "- A gambler makes bets on the outcomes of a sequence of coin flips\n",
    "- The gambler must decide for each coin flip what portion of his capital to stake\n",
    "- If outcome of the coin flip = heads then: \n",
    "   - the gambler wins as much money as he has staked on this flip\n",
    "- else: \n",
    "   - The gambler loses his stake\n",
    "- The game ends when the gambler reaches his goal of $100 or loses all the money\n",
    "- Formulated as an undiscounted, episodic, finite MDP problem\n",
    "- Pr[outcome of coin flip is heads] =p (known parameter)\n",
    "\n",
    "**States**: There are 101 states, $s\\in\\{0,1,2,...,100\\}$.\n",
    "\n",
    "**Actions**: The actions are stakes, $a\\in\\{1,2,...,\\min(s,100-s)\\}$.\n",
    "We also assume the probability of the coin coming up heads is 0.4. \n",
    "\n",
    "**Rewards**: 1 when we achieves the goal and 0 otherwise"
   ]
  },
  {
   "cell_type": "code",
   "execution_count": 6,
   "id": "designing-saudi",
   "metadata": {},
   "outputs": [],
   "source": [
    "goal = 100\n",
    "states = np.arange(goal + 1)\n",
    "\n",
    "# assume the head probability is 0.4\n",
    "p_head = 0.4"
   ]
  },
  {
   "cell_type": "markdown",
   "id": "06633f56",
   "metadata": {},
   "source": [
    "Below are the functions to visualise the optimal state value function and the optimal policy"
   ]
  },
  {
   "cell_type": "code",
   "execution_count": 7,
   "id": "systematic-cutting",
   "metadata": {},
   "outputs": [],
   "source": [
    "def plot_results(state_values, policy):\n",
    "    plt.figure(figsize=(10, 20))\n",
    "\n",
    "    plt.subplot(2, 1, 1)\n",
    "    plt.plot(state_values, linewidth=3)\n",
    "    plt.xlabel('Capital')\n",
    "    plt.ylabel('Value estimates')\n",
    "    plt.title('State values computed by iterative value evaluation')\n",
    "\n",
    "    plt.subplot(2, 1, 2)\n",
    "    plt.bar(states, policy, linewidth=3)\n",
    "    plt.xlabel('Capital')\n",
    "    plt.ylabel('Final policy (stake)')\n",
    "    plt.title('Final optimal policy')\n",
    "\n",
    "    plt.show()\n"
   ]
  },
  {
   "cell_type": "markdown",
   "id": "ddb6970c",
   "metadata": {},
   "source": [
    "We next implement the value iteration algorithm"
   ]
  },
  {
   "cell_type": "markdown",
   "id": "sensitive-visibility",
   "metadata": {},
   "source": [
    "<img src=\"./graphs/valueiteration.png\" width=\"850\" height=\"550\"/>"
   ]
  },
  {
   "cell_type": "code",
   "execution_count": 8,
   "id": "electoral-portal",
   "metadata": {},
   "outputs": [],
   "source": [
    "# initialise state values\n",
    "state_values = np.zeros(goal + 1)\n",
    "state_values[goal] = 1.0\n",
    "policy = np.zeros(goal + 1)\n",
    "theta = 1e-8\n",
    "\n",
    "# Value evaluation\n",
    "while True:\n",
    "    delta = 0.0\n",
    "\n",
    "    for s in states[1: goal]:\n",
    "        actions = np.arange(1, min(s, goal - s) + 1)\n",
    "\n",
    "        actions_returns = []\n",
    "\n",
    "        for a in actions:\n",
    "            actions_returns.append(p_head * state_values[s + a] + (1. - p_head) * state_values[s - a])\n",
    "\n",
    "        new_value = np.max(actions_returns)\n",
    "\n",
    "        delta = np.maximum(delta, np.abs(state_values[s] - new_value))\n",
    "\n",
    "        state_values[s] = new_value\n",
    "\n",
    "    if delta < theta:\n",
    "        break"
   ]
  },
  {
   "cell_type": "markdown",
   "id": "statewide-preference",
   "metadata": {},
   "source": [
    "Once the state values have converged,  the algorithm then chooses a greedy policy that takes the action offering maximum return in the policy improvement step. "
   ]
  },
  {
   "cell_type": "code",
   "execution_count": 9,
   "id": "concerned-tender",
   "metadata": {},
   "outputs": [],
   "source": [
    "# Policy improvement\n",
    "for s in states[1: goal]:\n",
    "    actions = np.arange(1, min(s, goal - s) + 1)\n",
    "\n",
    "    actions_returns = []\n",
    "\n",
    "    for a in actions:\n",
    "        actions_returns.append(p_head * state_values[s + a] + (1. - p_head) * state_values[s - a])\n",
    "\n",
    "    # round to resemble the figure in the book\n",
    "    policy[s] = actions[np.argmax(np.round(actions_returns[0: goal], 5))]"
   ]
  },
  {
   "cell_type": "code",
   "execution_count": 10,
   "id": "outer-charity",
   "metadata": {},
   "outputs": [
    {
     "data": {
